trans
[10000](0)[11010],
[10000](0)[10101],
[11010](0)[11020],
[11010](0)[11111],
[10101](0)[11111],
[10101](0)[20102],
[11020](0)[11030],
[11020](0)[11121],
[11111](0)[11121],
[11111](0)[21112],
[20102](0)[21112],
[20102](0)[20103],
[11030](1)[10000],
[11030](1)[11131],
[11121](0)[21122],
[21112](0)[11122],
[20103](1)[21113],
[20103](1)[20000],
[11131](1)[10101],
[11131](1)[21132],
[21122](0)[21132],
[11122](0)[11123],
[21113](1)[11123],
[21113](1)[21010],
[20000](0)[21010],
[20000](0)[20101],
[21132](1)[20102],
[11123](1)[11020],
[21010](0)[11020],
[21010](0)[21111],
[20101](0)[21111],
[20101](0)[20102],
[21111](0)[11121],
[21111](0)[21112];

init
[10000];

final
[21111],
[20101];