trans
[22](0)[20],
[22](0)[21],
[21](0)[19],
[21](0)[17],
[20](1)[9],
[20](1)[18],
[20](1)[17],
[18](1)[5],
[17](1)[14],
[16](0)[15],
[16](0)[22],
[16](0)[13],
[15](0)[12],
[15](0)[21],
[14](0)[15],
[14](0)[11],
[13](1)[20],
[13](1)[10],
[13](1)[12],
[12](1)[8],
[12](1)[17],
[11](1)[12],
[11](1)[7],
[10](0)[0],
[10](0)[8],
[10](0)[9],
[9](0)[14],
[9](0)[16],
[9](0)[5],
[8](0)[6],
[8](0)[14],
[8](0)[16],
[7](0)[8],
[7](0)[9],
[7](0)[4],
[6](1)[2],
[6](1)[11],
[6](1)[13],
[5](1)[3],
[5](1)[13],
[4](1)[6],
[4](1)[1],
[4](1)[5],
[3](0)[10],
[2](0)[10],
[2](0)[7],
[1](0)[2],
[1](0)[3],
[0](0)[16];

init
[0];

final
[20],
[18],
[17],
[13],
[12],
[11],
[6],
[5],
[4];
