trans
[160](0)[157],
[160](0)[154],
[160](0)[158],
[160](0)[155],
[159](0)[156],
[159](0)[152],
[159](0)[153],
[159](0)[151],
[158](1)[110],
[158](1)[150],
[158](1)[112],
[158](1)[149],
[157](0)[110],
[157](0)[147],
[157](0)[146],
[156](0)[148],
[156](0)[146],
[156](0)[108],
[155](1)[147],
[155](1)[150],
[155](1)[102],
[154](0)[146],
[154](0)[149],
[153](1)[148],
[153](1)[105],
[153](1)[144],
[152](0)[146],
[152](0)[143],
[151](1)[99],
[151](1)[144],
[151](1)[143],
[150](1)[82],
[150](1)[71],
[150](1)[80],
[149](1)[141],
[149](1)[78],
[148](1)[97],
[148](1)[96],
[147](1)[80],
[147](1)[137],
[146](0)[78],
[145](0)[139],
[145](0)[138],
[145](0)[140],
[145](0)[160],
[144](1)[68],
[144](1)[73],
[143](1)[134],
[142](0)[159],
[142](0)[135],
[142](0)[138],
[142](0)[136],
[141](0)[131],
[141](0)[58],
[141](0)[59],
[140](1)[127],
[140](1)[158],
[140](1)[128],
[140](1)[129],
[139](0)[154],
[139](0)[127],
[139](0)[156],
[138](0)[157],
[138](0)[125],
[138](0)[156],
[138](0)[129],
[137](0)[124],
[137](0)[50],
[137](0)[138],
[136](1)[125],
[136](1)[123],
[136](1)[153],
[135](0)[157],
[135](0)[152],
[135](0)[122],
[134](0)[135],
[134](0)[121],
[133](0)[116],
[133](0)[119],
[133](0)[118],
[133](0)[117],
[132](1)[114],
[132](1)[115],
[132](1)[118],
[131](1)[111],
[131](1)[32],
[131](1)[33],
[130](1)[115],
[130](1)[107],
[129](1)[113],
[129](1)[106],
[129](1)[110],
[129](1)[108],
[128](0)[113],
[128](0)[0],
[128](0)[112],
[128](0)[104],
[127](1)[149],
[127](1)[104],
[127](1)[108],
[126](1)[103],
[126](1)[127],
[125](1)[148],
[125](1)[106],
[125](1)[101],
[124](1)[125],
[124](1)[38],
[124](1)[40],
[123](0)[0],
[123](0)[105],
[123](0)[101],
[122](1)[147],
[122](1)[100],
[121](1)[98],
[121](1)[122],
[120](0)[93],
[120](0)[110],
[120](0)[94],
[119](0)[93],
[119](0)[95],
[119](0)[108],
[118](1)[92],
[118](1)[105],
[118](1)[95],
[117](0)[93],
[117](0)[91],
[116](1)[92],
[116](1)[26],
[116](1)[91],
[115](0)[86],
[115](0)[105],
[115](0)[85],
[114](1)[92],
[114](1)[85],
[114](1)[18],
[113](0)[87],
[113](0)[83],
[113](0)[90],
[113](0)[84],
[112](0)[82],
[112](0)[141],
[112](0)[83],
[112](0)[89],
[111](0)[21],
[111](0)[81],
[111](0)[112],
[111](0)[23],
[110](1)[78],
[110](1)[83],
[110](1)[80],
[109](1)[110],
[109](1)[77],
[109](1)[22],
[109](1)[79],
[108](1)[97],
[108](1)[78],
[108](1)[87],
[107](1)[86],
[107](1)[77],
[107](1)[108],
[106](1)[97],
[106](1)[76],
[106](1)[84],
[105](0)[88],
[105](0)[96],
[105](0)[73],
[104](0)[88],
[104](0)[141],
[104](0)[87],
[104](0)[74],
[103](0)[105],
[103](0)[104],
[103](0)[72],
[102](0)[145],
[102](0)[71],
[102](0)[137],
[101](0)[145],
[101](0)[70],
[101](0)[96],
[100](0)[142],
[100](0)[67],
[100](0)[137],
[99](0)[134],
[99](0)[142],
[99](0)[68],
[98](0)[99],
[98](0)[100],
[98](0)[66],
[97](1)[130],
[97](1)[132],
[96](0)[139],
[96](0)[126],
[95](1)[97],
[95](1)[96],
[94](1)[64],
[94](1)[80],
[93](0)[78],
[92](1)[16],
[92](1)[73],
[91](1)[61],
[90](0)[65],
[90](0)[133],
[90](0)[63],
[90](0)[62],
[89](0)[135],
[89](0)[60],
[89](0)[59],
[89](0)[160],
[88](0)[159],
[88](0)[139],
[88](0)[56],
[88](0)[59],
[87](0)[55],
[87](0)[133],
[87](0)[58],
[87](0)[132],
[86](0)[88],
[86](0)[87],
[86](0)[54],
[86](0)[57],
[85](1)[54],
[85](1)[9],
[85](1)[73],
[84](1)[53],
[84](1)[63],
[84](1)[132],
[83](0)[52],
[83](0)[58],
[83](0)[62],
[82](1)[52],
[82](1)[60],
[82](1)[45],
[81](1)[11],
[81](1)[82],
[81](1)[51],
[81](1)[13],
[80](1)[50],
[80](1)[52],
[79](1)[12],
[79](1)[48],
[79](1)[80],
[78](1)[58],
[77](1)[78],
[77](1)[57],
[76](1)[53],
[76](1)[130],
[76](1)[49],
[75](1)[48],
[75](1)[7],
[75](1)[76],
[74](1)[47],
[74](1)[55],
[74](1)[131],
[74](1)[56],
[73](1)[56],
[73](1)[42],
[72](1)[46],
[72](1)[74],
[72](1)[73],
[71](1)[50],
[71](1)[140],
[71](1)[45],
[70](1)[126],
[70](1)[140],
[70](1)[44],
[69](1)[71],
[69](1)[43],
[69](1)[70],
[68](1)[42],
[68](1)[136],
[67](1)[124],
[67](1)[136],
[67](1)[41],
[66](1)[8],
[66](1)[67],
[66](1)[68],
[65](0)[120],
[65](0)[119],
[65](0)[39],
[65](0)[129],
[64](0)[65],
[64](0)[50],
[64](0)[37],
[63](1)[123],
[63](1)[118],
[63](1)[39],
[62](0)[120],
[62](0)[36],
[62](0)[117],
[61](0)[62],
[61](0)[35],
[60](1)[34],
[60](1)[122],
[60](1)[155],
[59](0)[154],
[59](0)[32],
[59](0)[152],
[58](0)[33],
[58](0)[117],
[57](0)[31],
[57](0)[58],
[57](0)[59],
[56](1)[32],
[56](1)[29],
[56](1)[151],
[55](1)[114],
[55](1)[116],
[55](1)[33],
[55](1)[28],
[54](1)[55],
[54](1)[31],
[54](1)[56],
[54](1)[4],
[53](0)[30],
[53](0)[123],
[53](0)[115],
[52](1)[36],
[52](1)[27],
[51](0)[47],
[51](0)[3],
[51](0)[2],
[51](0)[45],
[50](1)[38],
[50](1)[129],
[50](1)[27],
[49](1)[30],
[49](1)[109],
[49](1)[107],
[49](1)[129],
[48](1)[5],
[48](1)[50],
[48](1)[49],
[47](0)[111],
[47](0)[128],
[47](0)[29],
[47](0)[28],
[46](0)[47],
[46](0)[42],
[46](0)[44],
[45](0)[34],
[45](0)[128],
[45](0)[27],
[44](0)[103],
[44](0)[123],
[44](0)[128],
[43](0)[44],
[43](0)[45],
[43](0)[41],
[42](0)[123],
[42](0)[29],
[41](0)[123],
[41](0)[34],
[41](0)[40],
[40](0)[101],
[40](0)[69],
[40](0)[102],
[39](1)[106],
[39](1)[101],
[39](1)[95],
[38](1)[75],
[38](1)[19],
[38](1)[106],
[37](1)[38],
[37](1)[39],
[37](1)[40],
[36](1)[25],
[36](1)[94],
[35](1)[36],
[35](1)[24],
[34](0)[0],
[34](0)[100],
[34](0)[102],
[33](1)[91],
[33](1)[23],
[32](1)[21],
[32](1)[143],
[31](1)[32],
[31](1)[33],
[31](1)[20],
[30](0)[113],
[30](0)[0],
[30](0)[86],
[30](0)[22],
[29](0)[99],
[29](0)[21],
[29](0)[0],
[28](0)[113],
[28](0)[26],
[28](0)[18],
[28](0)[23],
[27](0)[25],
[27](0)[113],
[27](0)[19],
[26](0)[61],
[26](0)[16],
[26](0)[90],
[25](0)[64],
[25](0)[90],
[25](0)[15],
[24](0)[25],
[24](0)[26],
[24](0)[14],
[23](0)[61],
[23](0)[13],
[23](0)[83],
[22](0)[12],
[22](0)[83],
[22](0)[89],
[22](0)[57],
[21](0)[134],
[21](0)[11],
[21](0)[89],
[20](0)[21],
[20](0)[10],
[20](0)[22],
[20](0)[23],
[19](1)[7],
[19](1)[84],
[19](1)[15],
[18](1)[16],
[18](1)[84],
[18](1)[9],
[17](1)[19],
[17](1)[6],
[17](1)[18],
[17](1)[14],
[16](1)[63],
[16](1)[42],
[15](1)[63],
[15](1)[37],
[15](1)[41],
[14](1)[8],
[14](1)[16],
[14](1)[15],
[13](1)[52],
[13](1)[2],
[13](1)[35],
[12](1)[5],
[12](1)[52],
[12](1)[60],
[11](1)[3],
[11](1)[121],
[11](1)[60],
[10](1)[11],
[10](1)[12],
[10](1)[13],
[10](1)[1],
[9](0)[53],
[9](0)[4],
[9](0)[42],
[8](0)[42],
[8](0)[3],
[8](0)[41],
[7](0)[53],
[7](0)[5],
[7](0)[41],
[6](0)[1],
[6](0)[8],
[6](0)[7],
[6](0)[9],
[5](0)[30],
[5](0)[34],
[5](0)[27],
[4](0)[30],
[4](0)[29],
[4](0)[28],
[4](0)[20],
[3](0)[98],
[3](0)[34],
[3](0)[29],
[2](0)[17],
[2](0)[24],
[2](0)[28],
[2](0)[27],
[1](0)[5],
[1](0)[4],
[1](0)[3],
[1](0)[2],
[0](0)[145],
[0](0)[88],
[0](0)[142],
[0](0)[89];

init
[0];

final
[158],
[155],
[153],
[151],
[150],
[149],
[148],
[147],
[144],
[143],
[140],
[136],
[132],
[131],
[130],
[129],
[127],
[126],
[125],
[124],
[122],
[121],
[118],
[116],
[114],
[110],
[109],
[108],
[107],
[106],
[97],
[95],
[94],
[92],
[91],
[85],
[84],
[82],
[81],
[80],
[79],
[78],
[77],
[76],
[75],
[74],
[73],
[72],
[71],
[70],
[69],
[68],
[67],
[66],
[63],
[60],
[56],
[55],
[54],
[52],
[50],
[49],
[48],
[39],
[38],
[37],
[36],
[35],
[33],
[32],
[31],
[19],
[18],
[17],
[16],
[15],
[14],
[13],
[12],
[11],
[10];
